11101111111011111001111111011111011
11011111110111111110111111110111011
10010111111111111111111101111110110
11001111111111100111100110111100110
11011111011011111011011011001111101
11111S00111110111110111111111101111
11111011111101101111011100100101111
11111011110111111111101011110111111
11010111011011010101111111011111111
10111110010111011111110110111011111
01111111110101111010011011011111110
11111110011010011101111111111111101
11111101111100111110111110111110011
11001111111101111110110111111111111
11111101111010111111111101111111100
11111101111011011111111111110110111
11111101110010111000111111011011011
01011111111001111111111010110111101
11111001101111111001111101111111100
001011111101101111111111001100110D1
11111011101111111111101111011111111
11001111111111001101011100111011001
01011111011111111111100110111100111
10111011111111111011111110011111111
11111111111111111111111111111101110
11110111111111111111110011001110101
10111111101110101111110111111011011
10111101111001111011111110011011101
11111110111111110111011110111010110
11111101111100111111101101111001111
10110111011110101111111110111111000
11101101111111111001111001011111111
01101111111110110101111111111110111
11111101111110111111011111111000111
11111111111011101101110001111110011
11001111111101111011111101001011111
00101010010111111111101110111111010
11001111011111111111111101111110111
10101111011110001111101111111111111
01000110110101111111111111111111111
10110111111111101111101110110111111
11111111111100111111110111101111101
11111111110110111111101111101111111
00110111101111111101110101111110011
11111111111111011111100111111110111