11111101111111110011101111111111111
01111111111111011110111111110111110
11111111111011111111111111001110111
11011101011111010011010111111111111
11111111111111010111111111111011101
10111101111111101101111111111111111
01111111111111101111110111111111111
11111111111111111111111101101101011
11111111101010111111111111111111111
11110111111111111111101111110011111
11011111111111111101101111111111011
10011111111011111111111011111111110
01111001111111111111101111111111111
11111010111101111111111111111010110
11111111101101101110111100111101111
11111011111011111111001111111111111
11111111111111110111111111101101111
11111111110111110011111001111111111
11111111101111111100111011011111111
11110111110111111111111011111111111
11110110111111111111111111111111100
11111101111111111101111111100111111
01111111111111111111111111111111111
111111111111111111101111111111111D1
11111111011111111110111111111111111
11111010111111111101111111111111111
11111111111111111111111111111111101
10111111111111111111111111111110111
11110111111111111111110101111111101
01011111111111111111111111111111111
11111111101111010111111011011111111
11111111111111101111111111111111111
11110111111111111111111111011111111
11111111111111100111111111011111111
S1111111111010111111111111111110111
11011111110111110111101111111111111
11011111110111111111111011111111111
11101111110111111111111111111111101
11111111111111111101111101110111011
11011111111111111101111111111110111
11101111111011111111111111111111111
11111101111111101110111011111101111
11111111111111111111111111011111111
10111111111111111101111111111110111
11011111111111111111111111111111011