000111011110101111101100001101101010110011011
100101000101000100010110111101011010111011010
101011010101111010111111110111111010111010000
100111100101001111100000010111011100110011111
100111111100110101001010100100010000000010011
1100010S0100000001110010000011110010110001010
111100011000100101011010110000101110000011000
001010101101100001001001100010111010000000010
110100001110111110010001100111100101100101001
101111001011011011101110000111011110111110111
011101111011110101100110110010011000101010111
110011110101010111111011101110111110011110111
110001101100101000000010010110110110010111111
111111001000011011111111111010111100011011110
111011011011111001111101001101011111010011010
111111100001111010100010100111101110011111110
100000111011011000110101101110111111100100000
110100110111010100110111101111000100010110000
100101000011101011111010100000111101011110011
001010101010100000101010101001010101000101101
110100011111111001111111101101010110011010101
110001001001000110110011000111101110010100001
010110110111101010011010100110001000110100000
100111101001101101011111001101001011101101101
010101100000100110101100011100110100001110111
100000100101011111011101010110100111010110001
011010100111011101111101011100011101000010010
000101011001110011101101111000110000011110010
010101000000100100001101110111011111010010000
100110101111011001001111111111110110011110010
1110001010111111110101101010011010101101D0111
010011101100111011101110100101100111101110110
000000101001110001101000010101001000000000101
000101010010101011100101011111010011110111110
110010001010010011101111011001110010011101110