11111111100000011100101111001110010
10000111010111111111000111011101001
00001001100011110001101110011110000
10100110101011110101111100101101000
00111111110110001010100011000000100
00011110000000010100111100110101101
11011111101010011011100001001100000
11111001011110010110110011001010111
11000000011101110110000001001101111
11001101100111011100001110100001110
11101011001011111000101100101001110
00000111001111111010110001110000000
11001000011100101011111101011011000
00000011011000101010101101110100110
11100101110110111100110010001101001
00011100100001010101001011111000111
01111111100110000010110111101100010
01011000010010101000000110100001000
00000110110110001000100110111111111
11111000110100110101010111101101111
10101110100101011111010110100011111
10100110111010001111100100111010111
11100111000111111001111110101110110
11000100110011000011010111010110101
11101010100011101111101011001011010
10101110111101100111011110010111110
11011100010001100101000101000111101
10001101101110101100011000101001111
01101111011001111100101001001010010
11111011111101100100111101110000001
011110101010111111010100000D1010110
01111011101010101100000101101100100
11010100010100101111101001001010101
00100110010011011010100011000111001
10111000111000110011000000011010101
11101011010111011000001101110011011
10100111110110010101110100101111101
11001101101111011011110100111000111
10100011011001100100011110110111110
11111101001001101011000100101000101
11010011000011100111111110101000101
01000001101000110011101100111110100
00100100110011101111011101111S00010
11101111101010011010110111110110100
11101011110001001101101100011100101